[0m[38;2;0;0;0m             [38;2;0;0;0m [38;2;0;0;0m [38;2;29;29;29m [38;2;93;93;93m;[38;2;146;146;146md[38;2;190;190;190mO[38;2;223;223;223mX[38;2;249;249;249mW[38;2;255;255;255mMMM[38;2;246;246;246mW[38;2;222;222;222mX[38;2;190;190;190mO[38;2;146;146;146md[38;2;93;93;93m;[38;2;23;23;23m [38;2;1;1;1m [38;2;1;1;1m [38;2;0;0;0m             [0m
[0m[38;2;0;0;0m         [38;2;1;1;1m [38;2;5;5;5m [38;2;58;58;58m.[38;2;117;117;117mc[38;2;170;170;170mk[38;2;216;216;216mX[38;2;250;250;250mM[38;2;255;255;255mMMMMMMMMMMMM[38;2;255;255;255mM[38;2;247;247;247mW[38;2;213;213;213mK[38;2;166;166;166mx[38;2;116;116;116mc[38;2;56;56;56m.[38;2;5;5;5m [38;2;0;0;0m [38;2;0;0;0m         [0m
[0m[38;2;0;0;0m       [38;2;1;1;1m [38;2;54;54;54m.[38;2;150;150;150md[38;2;228;228;228mN[38;2;254;254;254mM[38;2;255;255;255mM[38;2;255;255;255mMMMMMMMMMMMMMMMMMMMM[38;2;255;255;255mM[38;2;226;226;226mX[38;2;149;149;149md[38;2;53;53;53m.[38;2;1;1;1m [38;2;0;0;0m [38;2;0;0;0m      [0m
[0m[38;2;0;0;0m     [38;2;5;5;5m [38;2;88;88;88m;[38;2;198;198;198m0[38;2;253;253;253mM[38;2;255;255;255mM[38;2;255;255;255mMMM[38;2;255;255;255mM[38;2;216;216;216mX[38;2;120;120;120mc[38;2;138;138;138mo[38;2;234;234;234mN[38;2;255;255;255mMMMMMMMMMMMMMMMMMM[38;2;253;253;253mM[38;2;196;196;196m0[38;2;88;88;88m;[38;2;6;6;6m [38;2;0;0;0m [38;2;0;0;0m    [0m
[0m[38;2;0;0;0m   [38;2;1;1;1m [38;2;63;63;63m.[38;2;203;203;203mK[38;2;255;255;255mM[38;2;255;255;255mMMMMMM[38;2;200;200;200m0[38;2;22;22;22m [38;2;0;0;0m [38;2;0;0;0m [38;2;31;31;31m.[38;2;176;176;176mk[38;2;254;254;254mM[38;2;255;255;255mMMM[38;2;228;228;228mN[38;2;126;127;126ml[38;2;68;69;69m'[38;2;46;48;47m.[38;2;51;53;52m.[38;2;94;96;95m;[38;2;147;148;148md[38;2;235;235;235mN[38;2;255;255;255mMMMMMMM[38;2;255;255;255mM[38;2;204;204;204mK[38;2;62;62;62m.[38;2;0;0;0m [38;2;0;0;0m   [0m
[0m[38;2;0;0;0m [38;2;0;0;0m [38;2;9;9;9m [38;2;136;136;136mo[38;2;247;247;247mW[38;2;255;255;255mM[38;2;255;255;255mMMMMMM[38;2;218;218;218mX[38;2;33;33;33m.[38;2;0;0;0m   [38;2;0;0;0m [38;2;3;3;3m [38;2;91;91;91m;[38;2;226;226;226mX[38;2;255;255;255mM[38;2;223;224;224mX[38;2;29;30;29m.[38;2;1;3;2m [38;2;1;3;2m [38;2;1;3;2m [38;2;1;3;2m [38;2;32;34;33m.[38;2;19;21;20m [38;2;28;30;29m.[38;2;199;199;199m0[38;2;255;255;255mMMMMMMMM[38;2;247;247;247mW[38;2;135;135;135mo[38;2;9;9;9m [38;2;0;0;0m  [0m
[0m[38;2;0;0;0m [38;2;9;9;9m [38;2;172;172;172mk[38;2;254;254;254mM[38;2;255;255;255mMMMMMMM[38;2;232;232;232mN[38;2;46;46;46m.[38;2;0;0;0m [38;2;0;0;0m [38;2;0;0;0m [38;2;0;0;0m   [38;2;0;0;0m [38;2;27;27;27m [38;2;167;167;167mx[38;2;172;173;173mk[38;2;58;59;57m.[38;2;101;102;100m:[38;2;34;36;35m.[38;2;30;32;31m.[38;2;111;112;111mc[38;2;127;128;127ml[38;2;44;46;45m.[38;2;1;3;2m [38;2;97;98;97m;[38;2;255;255;255mMMMMMMMMMM[38;2;172;172;172mk[38;2;9;9;9m [38;2;0;0;0m [0m
[0m[38;2;3;3;3m [38;2;156;156;156md[38;2;254;254;254mM[38;2;255;255;255mMMMMMMM[38;2;247;247;247mW[38;2;76;76;76m,[38;2;0;0;0m [38;2;0;0;0m [38;2;83;83;83m,[38;2;128;128;128ml[38;2;0;0;0m     [38;2;1;1;1m [38;2;42;43;42m.[38;2;88;88;81m;[38;2;120;102;43m:[38;2;184;162;54mx[38;2;178;162;61md[38;2;148;137;57ml[38;2;125;118;75mc[38;2;92;91;81m;[38;2;1;3;2m [38;2;82;83;82m,[38;2;255;255;255mM[38;2;255;255;255mMMMMMMMMM[38;2;255;255;255mM[38;2;154;154;154md[38;2;2;2;2m [0m
[0m[38;2;86;86;86m,[38;2;254;254;254mM[38;2;255;255;255mMMMMMMM[38;2;253;253;253mM[38;2;107;107;107m:[38;2;1;1;1m [38;2;0;0;0m [38;2;2;2;2m [38;2;194;194;194m0[38;2;151;151;151md[38;2;0;0;0m      [38;2;0;1;1m [38;2;77;59;18m.[38;2;204;157;20md[38;2;225;186;14mk[38;2;230;196;44mO[38;2;224;184;22mk[38;2;204;166;45mx[38;2;89;75;36m'[38;2;27;28;27m [38;2;46;48;47m.[38;2;220;220;220mX[38;2;255;255;255mMMMMMMMMMM[38;2;254;254;254mM[38;2;83;83;83m,[0m
[0m[38;2;187;187;187mO[38;2;255;255;255mMMMMMMM[38;2;254;254;254mM[38;2;147;147;147md[38;2;1;1;1m [38;2;0;0;0m [38;2;0;0;0m [38;2;62;62;62m.[38;2;254;254;254mM[38;2;141;141;141mo[38;2;0;0;0m     [38;2;0;0;0m [38;2;6;7;6m [38;2;129;130;128ml[38;2;201;195;180m0[38;2;184;166;119mx[38;2;197;177;128mk[38;2;215;207;182mK[38;2;235;236;231mN[38;2;217;218;214mX[38;2;55;56;55m.[38;2;15;17;16m [38;2;38;40;39m.[38;2;194;195;195m0[38;2;254;254;254mM[38;2;255;255;255mMMMMMMMM[38;2;255;255;255mM[38;2;184;184;184mO[0m
[0m[38;2;244;244;244mW[38;2;255;255;255mMMMMMM[38;2;255;255;255mM[38;2;196;196;196m0[38;2;11;11;11m [38;2;0;0;0m [38;2;0;0;0m  [38;2;149;149;149md[38;2;255;255;255mM[38;2;127;127;127ml[38;2;0;0;0m   [38;2;0;0;0m [38;2;0;1;1m [38;2;2;3;2m [38;2;146;147;144md[38;2;252;253;248mM[38;2;252;253;248mM[38;2;245;246;241mW[38;2;251;252;247mM[38;2;251;252;247mM[38;2;247;247;243mW[38;2;243;244;239mW[38;2;202;203;199m0[38;2;15;17;16m [38;2;1;3;2m [38;2;7;9;8m [38;2;99;101;100m:[38;2;229;229;229mN[38;2;255;255;255mM[38;2;255;255;255mMMMMMMM[38;2;244;244;244mW[0m
[0m[38;2;255;255;255mMMMMMM[38;2;255;255;255mM[38;2;227;227;227mN[38;2;39;39;39m.[38;2;0;0;0m [38;2;0;0;0m  [38;2;18;18;18m [38;2;231;231;231mN[38;2;255;255;255mM[38;2;115;115;115mc[38;2;0;0;0m  [38;2;0;0;0m [38;2;1;2;1m [38;2;13;14;13m [38;2;87;89;86m;[38;2;231;232;228mN[38;2;251;252;247mM[38;2;253;254;249mM[38;2;251;252;247mM[38;2;253;254;249mM[38;2;253;253;249mM[38;2;250;251;246mM[38;2;243;244;240mW[38;2;235;236;232mN[38;2;192;193;190m0[38;2;42;44;42m.[38;2;24;26;25m [38;2;10;12;11m [38;2;44;45;44m.[38;2;228;229;229mN[38;2;255;255;255mM[38;2;255;255;255mMMMMMMM[0m
[0m[38;2;243;243;243mW[38;2;255;255;255mMMMMM[38;2;243;243;243mW[38;2;63;63;63m.[38;2;0;0;0m [38;2;0;0;0m   [38;2;103;103;103m:[38;2;255;255;255mM[38;2;255;255;255mM[38;2;160;160;160mx[38;2;36;36;36m.[38;2;41;41;41m.[38;2;35;35;35m.[38;2;15;17;16m [38;2;77;78;76m,[38;2;247;248;244mW[38;2;253;254;249mMM[38;2;248;249;244mW[38;2;253;254;249mM[38;2;253;254;249mMMMMM[38;2;253;254;249mM[38;2;169;171;167mk[38;2;10;12;11m [38;2;26;28;27m [38;2;2;4;3m [38;2;102;103;102m:[38;2;254;254;254mM[38;2;255;255;255mMMMMMM[38;2;242;242;242mW[0m
[0m[38;2;182;182;182mO[38;2;255;255;255mMMMM[38;2;254;254;254mM[38;2;108;108;108m:[38;2;1;1;1m [38;2;0;0;0m  [38;2;1;1;1m [38;2;61;61;61m.[38;2;224;224;224mX[38;2;255;255;255mM[38;2;255;255;255mM[38;2;255;255;255mM[38;2;255;255;255mM[38;2;227;228;227mN[38;2;34;35;34m.[38;2;26;28;26m [38;2;175;176;173mk[38;2;253;254;249mM[38;2;253;254;249mMM[38;2;246;247;242mW[38;2;253;254;249mM[38;2;253;254;249mMMMMMM[38;2;199;200;197m0[38;2;4;6;5m [38;2;27;28;27m [38;2;2;4;3m [38;2;31;33;32m.[38;2;253;253;253mM[38;2;255;255;255mMMMMM[38;2;255;255;255mM[38;2;177;177;177mk[0m
[0m[38;2;79;79;79m,[38;2;254;254;254mM[38;2;255;255;255mMM[38;2;255;255;255mM[38;2;167;167;167mx[38;2;3;3;3m [38;2;10;10;10m [38;2;65;65;65m'[38;2;134;134;134mo[38;2;205;205;205mK[38;2;253;253;253mM[38;2;255;255;255mM[38;2;255;255;255mM[38;2;255;255;255mM[38;2;254;253;251mM[38;2;252;250;245mM[38;2;224;208;164mK[38;2;189;147;10mo[38;2;168;131;16ml[38;2;128;121;95mc[38;2;204;204;201mK[38;2;252;253;249mM[38;2;253;254;249mM[38;2;247;248;243mW[38;2;253;254;249mM[38;2;253;254;249mMMMM[38;2;253;253;249mM[38;2;235;218;167mX[38;2;196;171;84mk[38;2;9;10;9m [38;2;9;11;10m [38;2;25;27;26m [38;2;118;106;62m:[38;2;252;248;239mW[38;2;255;255;255mMMMMM[38;2;253;253;253mM[38;2;75;75;75m'[0m
[0m[38;2;2;2;2m [38;2;144;144;144mo[38;2;255;255;255mM[38;2;255;255;255mM[38;2;255;255;255mM[38;2;231;231;231mN[38;2;199;199;199m0[38;2;240;240;240mW[38;2;255;255;255mM[38;2;255;255;255mM[38;2;255;255;255mMMM[38;2;255;255;255mM[38;2;244;236;214mN[38;2;226;176;27mk[38;2;236;182;17mk[38;2;238;182;11mk[38;2;244;190;12mO[38;2;245;190;12mO[38;2;220;171;11mx[38;2;80;64;8m.[38;2;61;63;61m.[38;2;167;167;165mx[38;2;253;253;249mM[38;2;253;254;249mM[38;2;253;254;249mMMM[38;2;253;254;249mM[38;2;231;231;227mN[38;2;203;172;91mk[38;2;231;178;28mk[38;2;142;106;16m:[38;2;124;92;15m;[38;2;179;138;22mo[38;2;241;189;32mO[38;2;241;210;121mK[38;2;252;249;239mW[38;2;255;255;254mM[38;2;255;255;255mM[38;2;255;255;255mM[38;2;255;255;255mM[38;2;139;139;139mo[38;2;0;0;0m [0m
[0m[38;2;0;0;0m [38;2;5;5;5m [38;2;161;161;161mx[38;2;255;255;255mM[38;2;255;255;255mMMMMMMMMM[38;2;255;255;255mM[38;2;242;233;211mN[38;2;224;170;9mx[38;2;245;190;12mO[38;2;245;190;12mOO[38;2;245;190;12mO[38;2;245;190;12mO[38;2;240;187;12mO[38;2;142;115;25mc[38;2;156;154;146md[38;2;252;253;249mM[38;2;253;254;249mM[38;2;253;254;249mM[38;2;253;254;249mM[38;2;251;252;247mM[38;2;196;197;193m0[38;2;90;91;89m;[38;2;143;107;19m:[38;2;242;189;31mO[38;2;243;191;32mO[38;2;244;191;31mO[38;2;245;193;32mO[38;2;244;192;31mO[38;2;240;188;30mO[38;2;224;176;43mk[38;2;232;217;181mX[38;2;254;254;254mM[38;2;255;255;255mM[38;2;152;152;152md[38;2;4;4;4m [38;2;0;0;0m [0m
[0m[38;2;0;0;0m  [38;2;6;6;6m [38;2;123;123;123ml[38;2;243;243;243mW[38;2;255;255;255mMMMMMMMM[38;2;255;255;255mM[38;2;220;201;149m0[38;2;218;171;40mk[38;2;221;168;13mx[38;2;229;174;9mk[38;2;235;180;10mk[38;2;240;185;10mO[38;2;244;189;12mO[38;2;245;189;12mO[38;2;229;174;8mk[38;2;134;101;23m:[38;2;79;80;78m,[38;2;114;115;113mc[38;2;119;120;118mc[38;2;93;94;92m;[38;2;39;41;40m.[38;2;2;4;3m [38;2;11;10;3m [38;2;160;115;12mc[38;2;233;178;25mk[38;2;236;181;27mO[38;2;227;172;24mk[38;2;202;151;27md[38;2;206;172;92mk[38;2;219;198;149m0[38;2;236;226;206mN[38;2;254;254;253mM[38;2;244;244;244mW[38;2;116;116;116mc[38;2;5;5;5m [38;2;0;0;0m  [0m
[0m[38;2;0;0;0m   [38;2;0;0;0m [38;2;52;52;52m.[38;2;192;192;192m0[38;2;254;254;254mM[38;2;255;255;255mMMMMMMM[38;2;255;255;255mM[38;2;254;254;254mM[38;2;248;245;238mW[38;2;236;229;209mN[38;2;227;213;180mK[38;2;217;197;148m0[38;2;207;179;102mk[38;2;196;160;67mx[38;2;183;152;77md[38;2;203;192;168m0[38;2;251;251;251mM[38;2;254;254;254mM[38;2;255;255;255mM[38;2;254;254;254mM[38;2;247;247;247mW[38;2;226;227;226mN[38;2;201;201;199m0[38;2;170;154;122md[38;2;161;131;70ml[38;2;170;138;71mo[38;2;193;171;127mk[38;2;238;233;224mN[38;2;255;255;255mM[38;2;255;255;255mM[38;2;254;254;254mM[38;2;190;190;190mO[38;2;49;49;49m.[38;2;0;0;0m [38;2;0;0;0m   [0m
[0m[38;2;0;0;0m    [38;2;0;0;0m [38;2;3;3;3m [38;2;75;75;75m'[38;2;183;183;183mO[38;2;251;251;251mM[38;2;255;255;255mMMMMMMMMMMM[38;2;255;255;255mM[38;2;255;255;255mM[38;2;255;255;255mM[38;2;255;255;255mM[38;2;255;255;255mMMMMMMM[38;2;255;255;255mM[38;2;254;254;254mM[38;2;255;255;255mM[38;2;255;255;255mMM[38;2;250;250;250mM[38;2;182;182;182mO[38;2;75;75;75m'[38;2;3;3;3m [38;2;0;0;0m [38;2;0;0;0m    [0m
[0m[38;2;0;0;0m      [38;2;0;0;0m [38;2;0;0;0m [38;2;40;40;40m.[38;2;133;133;133ml[38;2;213;213;213mK[38;2;255;255;255mM[38;2;255;255;255mMMMMMMMMMMMMMMMMMMMMM[38;2;253;253;253mM[38;2;211;211;211mK[38;2;132;132;132ml[38;2;39;39;39m.[38;2;1;1;1m [38;2;0;0;0m [38;2;0;0;0m      [0m
[0m[38;2;0;0;0m         [38;2;0;0;0m [38;2;2;2;2m [38;2;41;41;41m.[38;2;99;99;99m:[38;2;154;154;154md[38;2;199;199;199m0[38;2;238;238;238mW[38;2;255;255;255mM[38;2;255;255;255mM[38;2;255;255;255mM[38;2;255;255;255mMMMMMMM[38;2;255;255;255mM[38;2;255;255;255mM[38;2;255;255;255mM[38;2;239;239;239mW[38;2;199;199;199m0[38;2;154;154;154md[38;2;103;103;103m:[38;2;41;41;41m.[38;2;1;1;1m [38;2;0;0;0m [38;2;0;0;0m         [0m
[0m[38;2;0;0;0m              [38;2;0;0;0m [38;2;11;11;11m [38;2;70;70;70m'[38;2;129;129;129ml[38;2;180;180;180mO[38;2;217;217;217mX[38;2;244;244;244mW[38;2;255;255;255mMMM[38;2;243;243;243mW[38;2;217;217;217mX[38;2;180;180;180mk[38;2;129;129;129ml[38;2;70;70;70m'[38;2;11;11;11m [38;2;0;0;0m               [0m
